2030149
2030148
2030147
2030146
2030145
2030144
2027135
2027134
2027133
2027132
2027131
2027130
2027129
2027128
2027127
2027126
2027125
2027124
2027123
2027122
2027121
2027120
2027119
2027118
2027117
2027116
2027115
2027114
2027113
2027112
2027111
2027110
2027109
2027108
2027107
2027106
2027105
2027104
2027103
2027102
2027101
2027100
2027099
2027098
2027097
2027096
2027095
2027094
2027093
2027092
2027091
2027090
2027089
2027088
2027087
2027086
2027085
2027084
2027083
2027082
2027081
2027080
2027079
2027078
2027077
2027076
2027075
2027074
2027073
2027072
2027071
2027070
2027069
2027068
2027067
2027066
2027065
2027064
2027063
2027062
2027061
2027060
2027059
2027058
2027057
2027056
2027055
2027054
2027053
2027052
2027051
2027050
2027049
2027048
2027047
2027046
2027045
2027044
2027043
2027042
2027041
2027040
2027039
2027038
2027037
2027036
2027035
2027034
2027033
2027032
2027031
2027030
2027029
2027028
2027027
2027026
2027025
2027024